[ 5492.367666] [Project1] 5515 1588092512.676417960 1588092513.592505893
[ 5494.220623] [Project1] 5516 1588092514.523170301 1588092515.445438938
[ 5496.116574] [Project1] 5517 1588092516.378911608 1588092517.341364255
[ 5497.982107] [Project1] 5518 1588092518.287965050 1588092519.206872145
[ 5499.826033] [Project1] 5519 1588092520.154667003 1588092521.050774858
[ 5501.694199] [Project1] 5520 1588092522.017329128 1588092522.918914377
[ 5503.539796] [Project1] 5521 1588092523.854702183 1588092524.764486982
[ 5505.347992] [Project1] 5522 1588092525.656943134 1588092526.572659680
[ 5507.224165] [Project1] 5523 1588092527.486662849 1588092528.448807098
[ 5509.127993] [Project1] 5524 1588092529.404767227 1588092530.352609942
